4294967278,94
4294967278,93
4294967278,92
4294967278,91
4294967278,90
4294967278,89
4294967294,186
4294967294,83
4294967278,151
4294967278,526
4294967294,387
4294967294,386
4294967278,150
4294967294,907
4294967294,911
4294967294,896
4294967278,525
4294967278,87
4294967278,86
4294967278,85
4294967278,84
4294967278,83
4294967278,149
4294967278,524
4294967278,148
4294967278,523
4294967294,468
4294967278,147
4294967278,522
4294967278,82
4294967278,81
4294967278,80
4294967278,79
4294967279,338
4294967278,521
4294967279,337
4294967278,520
4294967279,336
4294967278,519
4294967279,335
4294967278,518
4294967279,334
4294967279,333
4294967278,78
4294967278,77
4294967278,76
4294967278,75
4294967278,517
4294967279,332
4294967278,516
4294967279,331
4294967279,137
4294967278,137
4294967279,330
4294967278,74
4294967278,73
4294967278,72
4294967278,71
4294967278,70
4294967278,69
4294967278,68
4294967278,67
4294967278,66
4294967278,65
4294967278,64
4294967278,63
4294967278,62
4294967278,61
4294967278,60
4294967278,59
4294967278,58
4294967278,57
4294967278,270
4294967279,329
4294967278,515
4294967279,282
4294967279,271
4294967279,269
4294967278,269
4294967279,268
4294967278,277
4294967279,281
4294967278,266
4294967279,328
4294967278,265
4294967279,279
4294967278,514
4294967279,327
4294967278,513
4294967279,326
4294967278,259
4294967279,278
4294967278,512
4294967279,262
4294967278,319
4294967279,325
4294967278,275
4294967278,56
4294967278,55
4294967278,54
4294967278,53
4294967278,52
4294967278,51
4294967278,50
4294967278,49
4294967278,48
4294967279,276
4294967278,256
4294967279,324
4294967278,318
4294967279,323
4294967278,253
4294967279,322
4294967278,317
4294967279,321
4294967278,316
4294967279,320
4294967278,315
4294967279,319
4294967278,314
4294967279,318
4294967278,313
4294967279,317
4294967278,312
4294967279,316
4294967278,47
4294967278,46
4294967278,45
4294967278,44
4294967278,43
4294967278,42
4294967278,41
4294967278,40
4294967278,39
4294967278,38
4294967278,37
4294967278,36
4294967278,35
4294967278,34
4294967278,33
4294967278,32
4294967278,31
4294967278,30
4294967278,29
4294967278,249
4294967279,315
4294967278,311
4294967279,253
4294967278,310
4294967279,314
4294967278,309
4294967279,252
4294967278,247
4294967279,249
4294967278,308
4294967279,248
4294967278,245
4294967279,245
4294967278,243
4294967279,243
4294967278,307
4294967279,313
4294967278,240
4294967279,240
4294967278,239
4294967279,239
4294967278,236
4294967279,237
4294967278,28
4294967278,27
4294967278,26
4294967278,25
4294967278,24
4294967278,23
4294967278,237
4294967279,236
4294967278,306
4294967279,235
4294967278,233
4294967279,232
4294967279,230
4294967278,22
4294967278,21
4294967278,20
4294967278,19
4294967278,18
4294967278,17
4294967279,229
4294967279,226
4294967279,225
4294967279,222
4294967279,220
4294967279,219
4294967279,217
4294967278,16
4294967278,15
4294967278,14
4294967279,215
4294967279,312
4294967278,305
4294967279,212
4294967279,311
4294967278,304
4294967279,210
4294967278,303
4294967279,310
4294967278,13
4294967278,12
4294967278,11
4294967278,10
4294967278,9
4294967278,8
4294967278,7
4294967278,6
4294967278,5
4294967278,4
4294967279,132
4294967279,131
4294967279,130
4294967279,129
4294967279,128
4294967279,127
4294967279,126
4294967279,125
4294967279,124
4294967279,123
4294967279,122
4294967279,121
4294967279,120
4294967279,119
4294967279,118
4294967279,117
4294967279,116
4294967279,115
4294967279,114
4294967279,309
4294967278,302
4294967279,308
4294967279,206
4294967294,392
4294967294,393
4294967294,388
4294967294,115
4294967279,307
4294967279,306
4294967278,301
4294967279,203
11,4
4294967279,305
4294967278,300
4294967279,304
4294967278,299
4294967279,303
4294967279,198
4294967279,197
11,5
4294967279,195
4294967279,196
11,3
11,2
11,1
4294967279,302
4294967294,127
4294967294,14
4294967294,126
4294967294,20
4294967294,13
4294967294,182
4294967294,179
4294967294,170
4294967294,188
4294967294,162
4294967278,119
4294967278,117
4294967278,116
4294967278,114
4294967278,113
4294967278,112
4294967279,113
4294967279,112
4294967279,111
4294967279,110
4294967279,109
4294967279,108
4294967279,107
4294967279,106
4294967279,105
4294967279,104
4294967279,103
4294967279,102
4294967279,101
10,4
4294967294,528
4294967294,97
4294967294,389
4294967294,900
4294967294,185
4294967294,898
